2
0
3
1
4
2
10
2
10
0
99999999999999999999999999999999999999999999999999999999999999999999999999999999999999999999999999990
2
10000000000000000000000000000000000000000000000000000000000000000000000000000000000000000000000000000
2
10000000000000000000000000000000000000000000000000000000000000000000000000000000000000000000000000001
1
10000000000000000000000000000000000000000000000000000000000000000000000000000000000000000000000000000
10000000000000000000000000000000000000000000000000000000000000000000000000000000000000000000000000000
10000000000000000000000000000000000000000000000000000000000000000000000000000000000000000000000000000
0

