50 10
12 3
15 8
16 9
16 6
10 2
21 9
18 4
12 4
17 8
18 9

50 10
13 8
19 10
16 8
12 9
10 2
12 8
13 5
15 5
11 7
16 2

78 20
24 6
24 8
13 0
23 5
5 10
12 3
14 1
12 5
10 9
21 10
20 5
20 2
11 10
13 8
11 1
10 7
13 7
8 2
24 9
20 0

37 59
20 5
7 2
13 8
8 0
9 9
19 4
9 5
16 6
17 1
19 0
12 10
13 0
7 9
6 7
15 0
20 10
18 6
11 10
8 2
22 3
16 7
15 6
17 4
20 1
10 3
24 9
23 6
23 6
11 4
17 0
5 1
24 3
24 8
12 2
22 2
12 7
12 1
10 8
13 4
9 2
10 5
20 9
23 0
22 3
17 1
12 8
15 7
12 4
17 4
22 7
19 8
5 2
25 6
22 9
11 6
20 2
8 9
7 0
8 1

0 0
